test_size = 1000
alpha = 0.1
[0.549, 0.614, 0.767, 0.835, 0.871, 0.872, 0.875, 0.876, 0.876, 0.876]
alpha = 0.01
[0.788, 0.846, 0.872, 0.877, 0.875, 0.876, 0.876, 0.876, 0.876, 0.876]
alpha = 0.001
[0.871, 0.877, 0.876, 0.876, 0.876, 0.876, 0.876, 0.876, 0.876, 0.876]


test_size = 2000
alpha = 0.1
[0.538, 0.5975, 0.7455, 0.812, 0.84, 0.8425, 0.8435, 0.8445, 0.8445, 0.845]
alpha = 0.01
[0.759, 0.826, 0.84, 0.844, 0.843, 0.8445, 0.8445, 0.8445, 0.8445, 0.8445]
alpha = 0.001
[0.84, 0.8435, 0.843, 0.8445, 0.8445, 0.8445, 0.8445, 0.8445, 0.8445, 0.8445]

test_size = 3000
alpha = 0.1
[0.533,0.598,0.7526666666666667, 0.8253333333333334, 0.8523333333333334, 0.8576666666666667, 0.8613333333333333,0.8633333333333333,0.864,0.8653333333333333]
alpha = 0.01
[0.771,0.833,0.854,0.86, 0.862,0.8633333333333333,0.8643333333333333,0.8653333333333333,0.8653333333333333,0.8653333333333333]
alpha = 0.001
[0.8536666666666667,0.8606666666666667,0.8623333333333333,0.8633333333333333,0.8646666666666667,0.8653333333333333,0.8653333333333333,0.8653333333333333,0.8653333333333333,0.8653333333333333]